<roblox xmlns:xmime="http://www.w3.org/2005/05/xmlmime" xmlns:xsi="http://www.w3.org/2001/XMLSchema-instance" xsi:noNamespaceSchemaLocation="http://www.roblox.com/roblox.xsd" version="4" assettype="animation">
   <External>null</External>
   <External>nil</External>
   <Item class="KeyframeSequence" referent="RBX0">
		<Properties>
			<bool name="Loop">false</bool>
			<string name="Name">Test</string>
			<token name="Priority">1000</token>
		</Properties>
		<Item class="Keyframe" referent="RBX1">
			<Properties>
				<string name="Name">Keyframe</string>
				<float name="Time">0.000000</float>
			</Properties>
			<Item class="Pose" referent="RBX4">
				<Properties>
					<CoordinateFrame name="CFrame">
						<X>0.000000</X> <Y>-0.000000</Y> <Z>0.000000</Z>
						<R00>1.000000</R00> <R01>0.000000</R01> <R02>0.000000</R02>
						<R10>-0.000000</R10> <R11>1.000000</R11> <R12>-0.000000</R12>
						<R20>0.000000</R20> <R21>0.000000</R21> <R22>1.000000</R22>
					</CoordinateFrame>
					<float name="MaskWeight">0</float>
					<string name="Name">HumanoidRootPart</string>
					<float name="Weight">1</float>
				</Properties>
				<Item class="Pose" referent="RBX5">
					<Properties>
						<CoordinateFrame name="CFrame">
							<X>0.000000</X> <Y>-0.000000</Y> <Z>0.000000</Z>
							<R00>1.000000</R00> <R01>0.000000</R01> <R02>0.000000</R02>
							<R10>-0.000000</R10> <R11>1.000000</R11> <R12>-0.000000</R12>
							<R20>0.000000</R20> <R21>0.000000</R21> <R22>1.000000</R22>
						</CoordinateFrame>
						<float name="MaskWeight">0</float>
						<string name="Name">Torso</string>
						<float name="Weight">1</float>
					</Properties>
					<Item class="Pose" referent="RBX8">
						<Properties>
							<CoordinateFrame name="CFrame">
								<X>-0.001484</X> <Y>0.201871</Y> <Z>0.000177</Z>
								<R00>-0.925870</R00> <R01>-0.372897</R01> <R02>-0.060936</R02>
								<R10>0.376767</R10> <R11>-0.923309</R11> <R12>-0.074479</R12>
								<R20>-0.028490</R20> <R21>-0.091917</R21> <R22>0.995359</R22>
							</CoordinateFrame>
							<float name="MaskWeight">0</float>
							<string name="Name">Right Arm</string>
							<float name="Weight">1</float>
						</Properties>
					</Item>
					<Item class="Pose" referent="RBX11">
						<Properties>
							<CoordinateFrame name="CFrame">
								<X>-0.001832</X> <Y>0.020078</Y> <Z>0.038087</Z>
								<R00>0.997867</R00> <R01>0.065107</R01> <R02>-0.004688</R02>
								<R10>-0.064340</R10> <R11>0.993143</R11> <R12>0.097613</R12>
								<R20>0.011011</R20> <R21>-0.097104</R21> <R22>0.995213</R22>
							</CoordinateFrame>
							<float name="MaskWeight">0</float>
							<string name="Name">Head</string>
							<float name="Weight">1</float>
						</Properties>
					</Item>
					<Item class="Pose" referent="RBX15">
						<Properties>
							<CoordinateFrame name="CFrame">
								<X>0.001905</X> <Y>0.324882</Y> <Z>-0.000227</Z>
								<R00>-0.875037</R00> <R01>0.481711</R01> <R02>0.047595</R02>
								<R10>-0.484054</R10> <R11>-0.871143</R11> <R12>-0.082477</R12>
								<R20>0.001732</R20> <R21>-0.095209</R21> <R22>0.995456</R22>
							</CoordinateFrame>
							<float name="MaskWeight">0</float>
							<string name="Name">Left Arm</string>
							<float name="Weight">1</float>
						</Properties>
					</Item>
					<Item class="Pose" referent="RBX18">
						<Properties>
							<CoordinateFrame name="CFrame">
								<X>0.092557</X> <Y>0.067002</Y> <Z>-0.026054</Z>
								<R00>0.996025</R00> <R01>0.020379</R01> <R02>0.086717</R02>
								<R10>-0.027653</R10> <R11>0.996121</R11> <R12>0.083534</R12>
								<R20>-0.084679</R20> <R21>-0.085600</R21> <R22>0.992725</R22>
							</CoordinateFrame>
							<float name="MaskWeight">0</float>
							<string name="Name">Left Leg</string>
							<float name="Weight">1</float>
						</Properties>
					</Item>
					<Item class="Pose" referent="RBX21">
						<Properties>
							<CoordinateFrame name="CFrame">
								<X>-0.015124</X> <Y>0.045798</Y> <Z>-0.011124</Z>
								<R00>0.980884</R00> <R01>0.026522</R01> <R02>-0.192778</R02>
								<R10>-0.014277</R10> <R11>0.997807</R11> <R12>0.064633</R12>
								<R20>0.194070</R20> <R21>-0.060645</R21> <R22>0.979111</R22>
							</CoordinateFrame>
							<float name="MaskWeight">0</float>
							<string name="Name">Right Leg</string>
							<float name="Weight">1</float>
						</Properties>
					</Item>
				</Item>
			</Item>
		</Item>
		<Item class="Keyframe" referent="RBX23">
			<Properties>
				<string name="Name">Keyframe</string>
				<float name="Time">0.034722</float>
			</Properties>
			<Item class="Pose" referent="RBX26">
				<Properties>
					<CoordinateFrame name="CFrame">
						<X>0.000000</X> <Y>-0.000000</Y> <Z>0.000000</Z>
						<R00>1.000000</R00> <R01>0.000000</R01> <R02>0.000000</R02>
						<R10>-0.000000</R10> <R11>1.000000</R11> <R12>-0.000000</R12>
						<R20>0.000000</R20> <R21>0.000000</R21> <R22>1.000000</R22>
					</CoordinateFrame>
					<float name="MaskWeight">0</float>
					<string name="Name">HumanoidRootPart</string>
					<float name="Weight">1</float>
				</Properties>
				<Item class="Pose" referent="RBX27">
					<Properties>
						<CoordinateFrame name="CFrame">
							<X>0.000000</X> <Y>-0.000000</Y> <Z>0.000000</Z>
							<R00>1.000000</R00> <R01>0.000000</R01> <R02>0.000977</R02>
							<R10>0.000000</R10> <R11>1.000000</R11> <R12>0.000000</R12>
							<R20>-0.000977</R20> <R21>0.000000</R21> <R22>1.000000</R22>
						</CoordinateFrame>
						<float name="MaskWeight">0</float>
						<string name="Name">Torso</string>
						<float name="Weight">1</float>
					</Properties>
					<Item class="Pose" referent="RBX30">
						<Properties>
							<CoordinateFrame name="CFrame">
								<X>-0.001484</X> <Y>0.201871</Y> <Z>0.000177</Z>
								<R00>-0.908303</R00> <R01>-0.413202</R01> <R02>-0.065194</R02>
								<R10>0.417466</R10> <R11>-0.905302</R11> <R12>-0.078424</R12>
								<R20>-0.026615</R20> <R21>-0.098449</R21> <R22>0.994786</R22>
							</CoordinateFrame>
							<float name="MaskWeight">0</float>
							<string name="Name">Right Arm</string>
							<float name="Weight">1</float>
						</Properties>
					</Item>
					<Item class="Pose" referent="RBX33">
						<Properties>
							<CoordinateFrame name="CFrame">
								<X>-0.001832</X> <Y>0.020078</Y> <Z>0.038087</Z>
								<R00>0.997919</R00> <R01>0.064334</R01> <R02>-0.004338</R02>
								<R10>-0.063681</R10> <R11>0.993872</R11> <R12>0.090346</R12>
								<R20>0.010123</R20> <R21>-0.089882</R21> <R22>0.995901</R22>
							</CoordinateFrame>
							<float name="MaskWeight">0</float>
							<string name="Name">Head</string>
							<float name="Weight">1</float>
						</Properties>
					</Item>
					<Item class="Pose" referent="RBX37">
						<Properties>
							<CoordinateFrame name="CFrame">
								<X>0.001872</X> <Y>0.314214</Y> <Z>-0.000480</Z>
								<R00>-0.880066</R00> <R01>0.472172</R01> <R02>0.050367</R02>
								<R10>-0.474826</R10> <R11>-0.876146</R11> <R12>-0.083123</R12>
								<R20>0.004881</R20> <R21>-0.097070</R21> <R22>0.995266</R22>
							</CoordinateFrame>
							<float name="MaskWeight">0</float>
							<string name="Name">Left Arm</string>
							<float name="Weight">1</float>
						</Properties>
					</Item>
					<Item class="Pose" referent="RBX40">
						<Properties>
							<CoordinateFrame name="CFrame">
								<X>0.088706</X> <Y>0.062062</Y> <Z>-0.027868</Z>
								<R00>0.995324</R00> <R01>0.046100</R01> <R02>0.084877</R02>
								<R10>-0.053101</R10> <R11>0.995203</R11> <R12>0.082163</R12>
								<R20>-0.080682</R20> <R21>-0.086286</R21> <R22>0.992998</R22>
							</CoordinateFrame>
							<float name="MaskWeight">0</float>
							<string name="Name">Left Leg</string>
							<float name="Weight">1</float>
						</Properties>
					</Item>
					<Item class="Pose" referent="RBX43">
						<Properties>
							<CoordinateFrame name="CFrame">
								<X>-0.012233</X> <Y>0.045802</Y> <Z>-0.011736</Z>
								<R00>0.976243</R00> <R01>0.036858</R01> <R02>-0.213521</R02>
								<R10>-0.023544</R10> <R11>0.997636</R11> <R12>0.064566</R12>
								<R20>0.215396</R20> <R21>-0.058005</R21> <R22>0.974803</R22>
							</CoordinateFrame>
							<float name="MaskWeight">0</float>
							<string name="Name">Right Leg</string>
							<float name="Weight">1</float>
						</Properties>
					</Item>
				</Item>
			</Item>
		</Item>
		<Item class="Keyframe" referent="RBX45">
			<Properties>
				<string name="Name">Keyframe</string>
				<float name="Time">0.069444</float>
			</Properties>
			<Item class="Pose" referent="RBX48">
				<Properties>
					<CoordinateFrame name="CFrame">
						<X>0.000000</X> <Y>-0.000000</Y> <Z>0.000000</Z>
						<R00>1.000000</R00> <R01>0.000000</R01> <R02>0.000000</R02>
						<R10>-0.000000</R10> <R11>1.000000</R11> <R12>-0.000000</R12>
						<R20>0.000000</R20> <R21>0.000000</R21> <R22>1.000000</R22>
					</CoordinateFrame>
					<float name="MaskWeight">0</float>
					<string name="Name">HumanoidRootPart</string>
					<float name="Weight">1</float>
				</Properties>
				<Item class="Pose" referent="RBX49">
					<Properties>
						<CoordinateFrame name="CFrame">
							<X>0.000000</X> <Y>-0.000000</Y> <Z>0.000000</Z>
							<R00>0.999996</R00> <R01>0.000000</R01> <R02>0.002996</R02>
							<R10>0.000000</R10> <R11>1.000000</R11> <R12>0.000000</R12>
							<R20>-0.002996</R20> <R21>0.000000</R21> <R22>0.999996</R22>
						</CoordinateFrame>
						<float name="MaskWeight">0</float>
						<string name="Name">Torso</string>
						<float name="Weight">1</float>
					</Properties>
					<Item class="Pose" referent="RBX52">
						<Properties>
							<CoordinateFrame name="CFrame">
								<X>-0.001484</X> <Y>0.201870</Y> <Z>0.000177</Z>
								<R00>-0.868049</R00> <R01>-0.490982</R01> <R02>-0.073675</R02>
								<R10>0.496023</R10> <R11>-0.864011</R11> <R12>-0.086293</R12>
								<R20>-0.021288</R20> <R21>-0.111451</R21> <R22>0.993542</R22>
							</CoordinateFrame>
							<float name="MaskWeight">0</float>
							<string name="Name">Right Arm</string>
							<float name="Weight">1</float>
						</Properties>
					</Item>
					<Item class="Pose" referent="RBX55">
						<Properties>
							<CoordinateFrame name="CFrame">
								<X>-0.001832</X> <Y>0.020078</Y> <Z>0.038087</Z>
								<R00>0.998048</R00> <R01>0.062360</R01> <R02>-0.003410</R02>
								<R10>-0.061958</R10> <R11>0.995521</R11> <R12>0.071403</R12>
								<R20>0.007847</R20> <R21>-0.071052</R21> <R22>0.997442</R22>
							</CoordinateFrame>
							<float name="MaskWeight">0</float>
							<string name="Name">Head</string>
							<float name="Weight">1</float>
						</Properties>
					</Item>
					<Item class="Pose" referent="RBX59">
						<Properties>
							<CoordinateFrame name="CFrame">
								<X>0.001798</X> <Y>0.289958</Y> <Z>-0.001089</Z>
								<R00>-0.891095</R00> <R01>0.450264</R01> <R02>0.056667</R02>
								<R10>-0.453652</R10> <R11>-0.887155</R11> <R12>-0.084594</R12>
								<R20>0.012183</R20> <R21>-0.101088</R21> <R22>0.994803</R22>
							</CoordinateFrame>
							<float name="MaskWeight">0</float>
							<string name="Name">Left Arm</string>
							<float name="Weight">1</float>
						</Properties>
					</Item>
					<Item class="Pose" referent="RBX62">
						<Properties>
							<CoordinateFrame name="CFrame">
								<X>0.079346</X> <Y>0.050053</Y> <Z>-0.032277</Z>
								<R00>0.994057</R00> <R01>0.070288</R01> <R02>0.083125</R02>
								<R10>-0.076889</R10> <R11>0.993899</R11> <R12>0.079075</R12>
								<R20>-0.077060</R20> <R21>-0.084996</R21> <R22>0.993397</R22>
							</CoordinateFrame>
							<float name="MaskWeight">0</float>
							<string name="Name">Left Leg</string>
							<float name="Weight">1</float>
						</Properties>
					</Item>
					<Item class="Pose" referent="RBX65">
						<Properties>
							<CoordinateFrame name="CFrame">
								<X>-0.005206</X> <Y>0.045812</Y> <Z>-0.013223</Z>
								<R00>0.976003</R00> <R01>0.053826</R01> <R02>-0.211001</R02>
								<R10>-0.041067</R10> <R11>0.997079</R11> <R12>0.064393</R12>
								<R20>0.213851</R20> <R21>-0.054183</R21> <R22>0.975363</R22>
							</CoordinateFrame>
							<float name="MaskWeight">0</float>
							<string name="Name">Right Leg</string>
							<float name="Weight">1</float>
						</Properties>
					</Item>
				</Item>
			</Item>
		</Item>
		<Item class="Keyframe" referent="RBX67">
			<Properties>
				<string name="Name">Keyframe</string>
				<float name="Time">0.104167</float>
			</Properties>
			<Item class="Pose" referent="RBX70">
				<Properties>
					<CoordinateFrame name="CFrame">
						<X>0.000000</X> <Y>-0.000000</Y> <Z>0.000000</Z>
						<R00>1.000000</R00> <R01>0.000000</R01> <R02>0.000000</R02>
						<R10>-0.000000</R10> <R11>1.000000</R11> <R12>-0.000000</R12>
						<R20>0.000000</R20> <R21>0.000000</R21> <R22>1.000000</R22>
					</CoordinateFrame>
					<float name="MaskWeight">0</float>
					<string name="Name">HumanoidRootPart</string>
					<float name="Weight">1</float>
				</Properties>
				<Item class="Pose" referent="RBX71">
					<Properties>
						<CoordinateFrame name="CFrame">
							<X>0.000000</X> <Y>-0.000000</Y> <Z>0.000000</Z>
							<R00>0.999987</R00> <R01>0.000000</R01> <R02>0.005038</R02>
							<R10>0.000000</R10> <R11>1.000000</R11> <R12>0.000000</R12>
							<R20>-0.005038</R20> <R21>0.000000</R21> <R22>0.999987</R22>
						</CoordinateFrame>
						<float name="MaskWeight">0</float>
						<string name="Name">Torso</string>
						<float name="Weight">1</float>
					</Properties>
					<Item class="Pose" referent="RBX74">
						<Properties>
							<CoordinateFrame name="CFrame">
								<X>-0.001484</X> <Y>0.201870</Y> <Z>0.000177</Z>
								<R00>-0.825136</R00> <R01>-0.559030</R01> <R02>-0.081463</R02>
								<R10>0.564748</R10> <R11>-0.819946</R11> <R12>-0.093532</R12>
								<R20>-0.014508</R20> <R21>-0.123182</R21> <R22>0.992278</R22>
							</CoordinateFrame>
							<float name="MaskWeight">0</float>
							<string name="Name">Right Arm</string>
							<float name="Weight">1</float>
						</Properties>
					</Item>
					<Item class="Pose" referent="RBX77">
						<Properties>
							<CoordinateFrame name="CFrame">
								<X>-0.001832</X> <Y>0.020078</Y> <Z>0.038087</Z>
								<R00>0.998214</R00> <R01>0.059705</R01> <R02>-0.002088</R02>
								<R10>-0.059551</R10> <R11>0.997207</R11> <R12>0.045074</R12>
								<R20>0.004773</R20> <R21>-0.044870</R21> <R22>0.998982</R22>
							</CoordinateFrame>
							<float name="MaskWeight">0</float>
							<string name="Name">Head</string>
							<float name="Weight">1</float>
						</Properties>
					</Item>
					<Item class="Pose" referent="RBX81">
						<Properties>
							<CoordinateFrame name="CFrame">
								<X>0.001708</X> <Y>0.260753</Y> <Z>-0.001886</Z>
								<R00>-0.903615</R00> <R01>0.423501</R01> <R02>0.064246</R02>
								<R10>-0.427820</R10> <R11>-0.899729</R11> <R12>-0.086363</R12>
								<R20>0.021229</R20> <R21>-0.105525</R21> <R22>0.994190</R22>
							</CoordinateFrame>
							<float name="MaskWeight">0</float>
							<string name="Name">Left Arm</string>
							<float name="Weight">1</float>
						</Properties>
					</Item>
					<Item class="Pose" referent="RBX84">
						<Properties>
							<CoordinateFrame name="CFrame">
								<X>0.066917</X> <Y>0.034107</Y> <Z>-0.038132</Z>
								<R00>0.993314</R00> <R01>0.081705</R01> <R02>0.081562</R02>
								<R10>-0.087898</R10> <R11>0.993266</R11> <R12>0.075472</R12>
								<R20>-0.074847</R20> <R21>-0.082137</R21> <R22>0.993807</R22>
							</CoordinateFrame>
							<float name="MaskWeight">0</float>
							<string name="Name">Left Leg</string>
							<float name="Weight">1</float>
						</Properties>
					</Item>
					<Item class="Pose" referent="RBX87">
						<Properties>
							<CoordinateFrame name="CFrame">
								<X>0.004124</X> <Y>0.045827</Y> <Z>-0.015198</Z>
								<R00>0.978753</R00> <R01>0.075961</R01> <R02>-0.190452</R02>
								<R10>-0.064804</R10> <R11>0.995834</R11> <R12>0.064149</R12>
								<R20>0.194532</R20> <R21>-0.050444</R21> <R22>0.979598</R22>
							</CoordinateFrame>
							<float name="MaskWeight">0</float>
							<string name="Name">Right Leg</string>
							<float name="Weight">1</float>
						</Properties>
					</Item>
				</Item>
			</Item>
		</Item>
		<Item class="Keyframe" referent="RBX89">
			<Properties>
				<string name="Name">Keyframe</string>
				<float name="Time">0.138889</float>
			</Properties>
			<Item class="Pose" referent="RBX92">
				<Properties>
					<CoordinateFrame name="CFrame">
						<X>0.000000</X> <Y>-0.000000</Y> <Z>0.000000</Z>
						<R00>1.000000</R00> <R01>0.000000</R01> <R02>0.000000</R02>
						<R10>-0.000000</R10> <R11>1.000000</R11> <R12>-0.000000</R12>
						<R20>0.000000</R20> <R21>0.000000</R21> <R22>1.000000</R22>
					</CoordinateFrame>
					<float name="MaskWeight">0</float>
					<string name="Name">HumanoidRootPart</string>
					<float name="Weight">1</float>
				</Properties>
				<Item class="Pose" referent="RBX93">
					<Properties>
						<CoordinateFrame name="CFrame">
							<X>0.000000</X> <Y>-0.000000</Y> <Z>0.000000</Z>
							<R00>0.999982</R00> <R01>0.000000</R01> <R02>0.006060</R02>
							<R10>0.000000</R10> <R11>1.000000</R11> <R12>-0.000000</R12>
							<R20>-0.006060</R20> <R21>0.000000</R21> <R22>0.999982</R22>
						</CoordinateFrame>
						<float name="MaskWeight">0</float>
						<string name="Name">Torso</string>
						<float name="Weight">1</float>
					</Properties>
					<Item class="Pose" referent="RBX96">
						<Properties>
							<CoordinateFrame name="CFrame">
								<X>-0.001484</X> <Y>0.201870</Y> <Z>0.000177</Z>
								<R00>-0.808045</R00> <R01>-0.583076</R01> <R02>-0.084178</R02>
								<R10>0.589007</R10> <R11>-0.802405</R11> <R12>-0.096004</R12>
								<R20>-0.011567</R20> <R21>-0.127157</R21> <R22>0.991815</R22>
							</CoordinateFrame>
							<float name="MaskWeight">0</float>
							<string name="Name">Right Arm</string>
							<float name="Weight">1</float>
						</Properties>
					</Item>
					<Item class="Pose" referent="RBX99">
						<Properties>
							<CoordinateFrame name="CFrame">
								<X>-0.001832</X> <Y>0.020078</Y> <Z>0.038088</Z>
								<R00>0.998381</R00> <R01>0.056874</R01> <R02>-0.000560</R02>
								<R10>-0.056858</R10> <R11>0.998259</R11> <R12>0.015686</R12>
								<R20>0.001451</R20> <R21>-0.015629</R21> <R22>0.999877</R22>
							</CoordinateFrame>
							<float name="MaskWeight">0</float>
							<string name="Name">Head</string>
							<float name="Weight">1</float>
						</Properties>
					</Item>
					<Item class="Pose" referent="RBX103">
						<Properties>
							<CoordinateFrame name="CFrame">
								<X>0.001631</X> <Y>0.235743</Y> <Z>-0.002694</Z>
								<R00>-0.913664</R00> <R01>0.400268</R01> <R02>0.070732</R02>
								<R10>-0.405421</R10> <R11>-0.909896</R11> <R12>-0.087879</R12>
								<R20>0.029184</R20> <R21>-0.108968</R21> <R22>0.993617</R22>
							</CoordinateFrame>
							<float name="MaskWeight">0</float>
							<string name="Name">Left Arm</string>
							<float name="Weight">1</float>
						</Properties>
					</Item>
					<Item class="Pose" referent="RBX106">
						<Properties>
							<CoordinateFrame name="CFrame">
								<X>0.053987</X> <Y>0.017518</Y> <Z>-0.044224</Z>
								<R00>0.993744</R00> <R01>0.077622</R01> <R02>0.080296</R02>
								<R10>-0.083473</R10> <R11>0.993886</R11> <R12>0.072272</R12>
								<R20>-0.074195</R20> <R21>-0.078523</R21> <R22>0.994147</R22>
							</CoordinateFrame>
							<float name="MaskWeight">0</float>
							<string name="Name">Left Leg</string>
							<float name="Weight">1</float>
						</Properties>
					</Item>
					<Item class="Pose" referent="RBX109">
						<Properties>
							<CoordinateFrame name="CFrame">
								<X>0.013831</X> <Y>0.045841</Y> <Z>-0.017252</Z>
								<R00>0.982351</R00> <R01>0.101737</R01> <R02>-0.156962</R02>
								<R10>-0.092702</R10> <R11>0.993644</R11> <R12>0.063866</R12>
								<R20>0.162462</R20> <R21>-0.048188</R21> <R22>0.985537</R22>
							</CoordinateFrame>
							<float name="MaskWeight">0</float>
							<string name="Name">Right Leg</string>
							<float name="Weight">1</float>
						</Properties>
					</Item>
				</Item>
			</Item>
		</Item>
		<Item class="Keyframe" referent="RBX111">
			<Properties>
				<string name="Name">Keyframe</string>
				<float name="Time">0.173611</float>
			</Properties>
			<Item class="Pose" referent="RBX114">
				<Properties>
					<CoordinateFrame name="CFrame">
						<X>0.000000</X> <Y>-0.000000</Y> <Z>0.000000</Z>
						<R00>1.000000</R00> <R01>0.000000</R01> <R02>0.000000</R02>
						<R10>-0.000000</R10> <R11>1.000000</R11> <R12>-0.000000</R12>
						<R20>0.000000</R20> <R21>0.000000</R21> <R22>1.000000</R22>
					</CoordinateFrame>
					<float name="MaskWeight">0</float>
					<string name="Name">HumanoidRootPart</string>
					<float name="Weight">1</float>
				</Properties>
				<Item class="Pose" referent="RBX115">
					<Properties>
						<CoordinateFrame name="CFrame">
							<X>0.000000</X> <Y>-0.000000</Y> <Z>0.000000</Z>
							<R00>0.999981</R00> <R01>0.000000</R01> <R02>0.006126</R02>
							<R10>0.000000</R10> <R11>1.000000</R11> <R12>-0.000000</R12>
							<R20>-0.006126</R20> <R21>0.000000</R21> <R22>0.999981</R22>
						</CoordinateFrame>
						<float name="MaskWeight">0</float>
						<string name="Name">Torso</string>
						<float name="Weight">1</float>
					</Properties>
					<Item class="Pose" referent="RBX118">
						<Properties>
							<CoordinateFrame name="CFrame">
								<X>-0.001484</X> <Y>0.201870</Y> <Z>0.000177</Z>
								<R00>-0.820615</R00> <R01>-0.566101</R01> <R02>-0.078234</R02>
								<R10>0.571323</R10> <R11>-0.815892</R11> <R12>-0.088944</R12>
								<R20>-0.013479</R20> <R21>-0.117686</R21> <R22>0.992959</R22>
							</CoordinateFrame>
							<float name="MaskWeight">0</float>
							<string name="Name">Right Arm</string>
							<float name="Weight">1</float>
						</Properties>
					</Item>
					<Item class="Pose" referent="RBX121">
						<Properties>
							<CoordinateFrame name="CFrame">
								<X>-0.001832</X> <Y>0.020078</Y> <Z>0.038088</Z>
								<R00>0.998523</R00> <R01>0.054330</R01> <R02>0.000979</R02>
								<R10>-0.054314</R10> <R11>0.998447</R11> <R12>-0.012406</R12>
								<R20>-0.001652</R20> <R21>0.012334</R21> <R22>0.999923</R22>
							</CoordinateFrame>
							<float name="MaskWeight">0</float>
							<string name="Name">Head</string>
							<float name="Weight">1</float>
						</Properties>
					</Item>
					<Item class="Pose" referent="RBX125">
						<Properties>
							<CoordinateFrame name="CFrame">
								<X>0.001595</X> <Y>0.223901</Y> <Z>-0.003341</Z>
								<R00>-0.918204</R00> <R01>0.389172</R01> <R02>0.073802</R02>
								<R10>-0.394729</R10> <R11>-0.914516</R11> <R12>-0.088596</R12>
								<R20>0.033014</R20> <R21>-0.110481</R21> <R22>0.993330</R22>
							</CoordinateFrame>
							<float name="MaskWeight">0</float>
							<string name="Name">Left Arm</string>
							<float name="Weight">1</float>
						</Properties>
					</Item>
					<Item class="Pose" referent="RBX128">
						<Properties>
							<CoordinateFrame name="CFrame">
								<X>0.043105</X> <Y>0.003557</Y> <Z>-0.049350</Z>
								<R00>0.994713</R00> <R01>0.065092</R01> <R02>0.079436</R02>
								<R10>-0.070693</R10> <R11>0.995048</R11> <R12>0.069868</R12>
								<R20>-0.074495</R20> <R21>-0.075114</R21> <R22>0.994389</R22>
							</CoordinateFrame>
							<float name="MaskWeight">0</float>
							<string name="Name">Left Leg</string>
							<float name="Weight">1</float>
						</Properties>
					</Item>
					<Item class="Pose" referent="RBX131">
						<Properties>
							<CoordinateFrame name="CFrame">
								<X>0.022001</X> <Y>0.045853</Y> <Z>-0.018981</Z>
								<R00>0.984818</R00> <R01>0.129433</R01> <R02>-0.115677</R02>
								<R10>-0.122700</R10> <R11>0.990405</R11> <R12>0.063579</R12>
								<R20>0.122796</R20> <R21>-0.048420</R21> <R22>0.991250</R22>
							</CoordinateFrame>
							<float name="MaskWeight">0</float>
							<string name="Name">Right Leg</string>
							<float name="Weight">1</float>
						</Properties>
					</Item>
				</Item>
			</Item>
		</Item>
		<Item class="Keyframe" referent="RBX133">
			<Properties>
				<string name="Name">Keyframe</string>
				<float name="Time">0.208333</float>
			</Properties>
			<Item class="Pose" referent="RBX136">
				<Properties>
					<CoordinateFrame name="CFrame">
						<X>0.000000</X> <Y>-0.000000</Y> <Z>0.000000</Z>
						<R00>1.000000</R00> <R01>0.000000</R01> <R02>0.000000</R02>
						<R10>-0.000000</R10> <R11>1.000000</R11> <R12>-0.000000</R12>
						<R20>0.000000</R20> <R21>0.000000</R21> <R22>1.000000</R22>
					</CoordinateFrame>
					<float name="MaskWeight">0</float>
					<string name="Name">HumanoidRootPart</string>
					<float name="Weight">1</float>
				</Properties>
				<Item class="Pose" referent="RBX137">
					<Properties>
						<CoordinateFrame name="CFrame">
							<X>0.000000</X> <Y>-0.000000</Y> <Z>0.000000</Z>
							<R00>0.999981</R00> <R01>0.000000</R01> <R02>0.006245</R02>
							<R10>0.000000</R10> <R11>1.000000</R11> <R12>-0.000000</R12>
							<R20>-0.006245</R20> <R21>0.000000</R21> <R22>0.999981</R22>
						</CoordinateFrame>
						<float name="MaskWeight">0</float>
						<string name="Name">Torso</string>
						<float name="Weight">1</float>
					</Properties>
					<Item class="Pose" referent="RBX140">
						<Properties>
							<CoordinateFrame name="CFrame">
								<X>-0.001484</X> <Y>0.201870</Y> <Z>0.000177</Z>
								<R00>-0.844933</R00> <R01>-0.530759</R01> <R02>-0.066200</R02>
								<R10>0.534630</R10> <R11>-0.841779</R11> <R12>-0.074688</R12>
								<R20>-0.016084</R20> <R21>-0.098499</R21> <R22>0.995007</R22>
							</CoordinateFrame>
							<float name="MaskWeight">0</float>
							<string name="Name">Right Arm</string>
							<float name="Weight">1</float>
						</Properties>
					</Item>
					<Item class="Pose" referent="RBX143">
						<Properties>
							<CoordinateFrame name="CFrame">
								<X>-0.001832</X> <Y>0.020078</Y> <Z>0.038087</Z>
								<R00>0.998619</R00> <R01>0.052491</R01> <R02>0.002337</R02>
								<R10>-0.052377</R10> <R11>0.998019</R11> <R12>-0.034844</R12>
								<R20>-0.004161</R20> <R21>0.034673</R21> <R22>0.999390</R22>
							</CoordinateFrame>
							<float name="MaskWeight">0</float>
							<string name="Name">Head</string>
							<float name="Weight">1</float>
						</Properties>
					</Item>
					<Item class="Pose" referent="RBX147">
						<Properties>
							<CoordinateFrame name="CFrame">
								<X>0.001642</X> <Y>0.239034</Y> <Z>-0.003791</Z>
								<R00>-0.907097</R00> <R01>0.414937</R01> <R02>0.070734</R02>
								<R10>-0.419878</R10> <R11>-0.903808</R11> <R12>-0.082664</R12>
								<R20>0.029630</R20> <R21>-0.104684</R21> <R22>0.994064</R22>
							</CoordinateFrame>
							<float name="MaskWeight">0</float>
							<string name="Name">Left Arm</string>
							<float name="Weight">1</float>
						</Properties>
					</Item>
					<Item class="Pose" referent="RBX150">
						<Properties>
							<CoordinateFrame name="CFrame">
								<X>0.037261</X> <Y>-0.003941</Y> <Z>-0.052103</Z>
								<R00>0.995781</R00> <R01>0.046522</R01> <R02>0.079098</R02>
								<R10>-0.051895</R10> <R11>0.996383</R11> <R12>0.067286</R12>
								<R20>-0.075681</R20> <R21>-0.071107</R21> <R22>0.994593</R22>
							</CoordinateFrame>
							<float name="MaskWeight">0</float>
							<string name="Name">Left Leg</string>
							<float name="Weight">1</float>
						</Properties>
					</Item>
					<Item class="Pose" referent="RBX153">
						<Properties>
							<CoordinateFrame name="CFrame">
								<X>0.026388</X> <Y>0.045859</Y> <Z>-0.019909</Z>
								<R00>0.984952</R00> <R01>0.157167</R01> <R02>-0.071895</R02>
								<R10>-0.152749</R10> <R11>0.986234</R11> <R12>0.063326</R12>
								<R20>0.080858</R20> <R21>-0.051392</R21> <R22>0.995400</R22>
							</CoordinateFrame>
							<float name="MaskWeight">0</float>
							<string name="Name">Right Leg</string>
							<float name="Weight">1</float>
						</Properties>
					</Item>
				</Item>
			</Item>
		</Item>
		<Item class="Keyframe" referent="RBX155">
			<Properties>
				<string name="Name">Keyframe</string>
				<float name="Time">0.243056</float>
			</Properties>
			<Item class="Pose" referent="RBX158">
				<Properties>
					<CoordinateFrame name="CFrame">
						<X>0.000000</X> <Y>-0.000000</Y> <Z>0.000000</Z>
						<R00>1.000000</R00> <R01>0.000000</R01> <R02>0.000000</R02>
						<R10>-0.000000</R10> <R11>1.000000</R11> <R12>-0.000000</R12>
						<R20>0.000000</R20> <R21>0.000000</R21> <R22>1.000000</R22>
					</CoordinateFrame>
					<float name="MaskWeight">0</float>
					<string name="Name">HumanoidRootPart</string>
					<float name="Weight">1</float>
				</Properties>
				<Item class="Pose" referent="RBX159">
					<Properties>
						<CoordinateFrame name="CFrame">
							<X>0.000000</X> <Y>-0.000000</Y> <Z>0.000000</Z>
							<R00>0.999979</R00> <R01>0.000000</R01> <R02>0.006421</R02>
							<R10>0.000000</R10> <R11>1.000000</R11> <R12>0.000000</R12>
							<R20>-0.006421</R20> <R21>0.000000</R21> <R22>0.999979</R22>
						</CoordinateFrame>
						<float name="MaskWeight">0</float>
						<string name="Name">Torso</string>
						<float name="Weight">1</float>
					</Properties>
					<Item class="Pose" referent="RBX162">
						<Properties>
							<CoordinateFrame name="CFrame">
								<X>-0.001484</X> <Y>0.201870</Y> <Z>0.000177</Z>
								<R00>-0.872953</R00> <R01>-0.485104</R01> <R02>-0.051254</R02>
								<R10>0.487509</R10> <R11>-0.871253</R11> <R12>-0.057041</R12>
								<R20>-0.016984</R20> <R21>-0.074781</R21> <R22>0.997055</R22>
							</CoordinateFrame>
							<float name="MaskWeight">0</float>
							<string name="Name">Right Arm</string>
							<float name="Weight">1</float>
						</Properties>
					</Item>
					<Item class="Pose" referent="RBX165">
						<Properties>
							<CoordinateFrame name="CFrame">
								<X>-0.001832</X> <Y>0.020078</Y> <Z>0.038087</Z>
								<R00>0.998654</R00> <R01>0.051757</R01> <R02>0.003323</R02>
								<R10>-0.051542</R10> <R11>0.997551</R11> <R12>-0.047291</R12>
								<R20>-0.005762</R20> <R21>0.047056</R21> <R22>0.998876</R22>
							</CoordinateFrame>
							<float name="MaskWeight">0</float>
							<string name="Name">Head</string>
							<float name="Weight">1</float>
						</Properties>
					</Item>
					<Item class="Pose" referent="RBX169">
						<Properties>
							<CoordinateFrame name="CFrame">
								<X>0.001743</X> <Y>0.272125</Y> <Z>-0.004131</Z>
								<R00>-0.880426</R00> <R01>0.469844</R01> <R02>0.064007</R02>
								<R10>-0.473605</R10> <R11>-0.877972</R11> <R12>-0.069742</R12>
								<R20>0.023429</R20> <R21>-0.091717</R21> <R22>0.995510</R22>
							</CoordinateFrame>
							<float name="MaskWeight">0</float>
							<string name="Name">Left Arm</string>
							<float name="Weight">1</float>
						</Properties>
					</Item>
					<Item class="Pose" referent="RBX172">
						<Properties>
							<CoordinateFrame name="CFrame">
								<X>0.037230</X> <Y>-0.003981</Y> <Z>-0.052118</Z>
								<R00>0.996547</R00> <R01>0.024153</R01> <R02>0.079436</R02>
								<R10>-0.029371</R10> <R11>0.997440</R11> <R12>0.065199</R12>
								<R20>-0.077658</R20> <R21>-0.067307</R21> <R22>0.994706</R22>
							</CoordinateFrame>
							<float name="MaskWeight">0</float>
							<string name="Name">Left Leg</string>
							<float name="Weight">1</float>
						</Properties>
					</Item>
					<Item class="Pose" referent="RBX175">
						<Properties>
							<CoordinateFrame name="CFrame">
								<X>0.026411</X> <Y>0.045859</Y> <Z>-0.019914</Z>
								<R00>0.982617</R00> <R01>0.183032</R01> <R02>-0.031038</R02>
								<R10>-0.180827</R10> <R11>0.981486</R11> <R12>0.063135</R12>
								<R20>0.042019</R20> <R21>-0.056425</R21> <R22>0.997522</R22>
							</CoordinateFrame>
							<float name="MaskWeight">0</float>
							<string name="Name">Right Leg</string>
							<float name="Weight">1</float>
						</Properties>
					</Item>
				</Item>
			</Item>
		</Item>
		<Item class="Keyframe" referent="RBX177">
			<Properties>
				<string name="Name">Keyframe</string>
				<float name="Time">0.277778</float>
			</Properties>
			<Item class="Pose" referent="RBX180">
				<Properties>
					<CoordinateFrame name="CFrame">
						<X>0.000000</X> <Y>-0.000000</Y> <Z>0.000000</Z>
						<R00>1.000000</R00> <R01>0.000000</R01> <R02>0.000000</R02>
						<R10>-0.000000</R10> <R11>1.000000</R11> <R12>-0.000000</R12>
						<R20>0.000000</R20> <R21>0.000000</R21> <R22>1.000000</R22>
					</CoordinateFrame>
					<float name="MaskWeight">0</float>
					<string name="Name">HumanoidRootPart</string>
					<float name="Weight">1</float>
				</Properties>
				<Item class="Pose" referent="RBX181">
					<Properties>
						<CoordinateFrame name="CFrame">
							<X>0.000000</X> <Y>-0.000000</Y> <Z>0.000000</Z>
							<R00>0.999978</R00> <R01>0.000000</R01> <R02>0.006633</R02>
							<R10>0.000000</R10> <R11>1.000000</R11> <R12>0.000000</R12>
							<R20>-0.006633</R20> <R21>0.000000</R21> <R22>0.999978</R22>
						</CoordinateFrame>
						<float name="MaskWeight">0</float>
						<string name="Name">Torso</string>
						<float name="Weight">1</float>
					</Properties>
					<Item class="Pose" referent="RBX184">
						<Properties>
							<CoordinateFrame name="CFrame">
								<X>-0.001484</X> <Y>0.201871</Y> <Z>0.000177</Z>
								<R00>-0.898348</R00> <R01>-0.437777</R01> <R02>-0.036367</R02>
								<R10>0.439017</R10> <R11>-0.897610</R11> <R12>-0.039515</R12>
								<R20>-0.015345</R20> <R21>-0.051464</R21> <R22>0.998557</R22>
							</CoordinateFrame>
							<float name="MaskWeight">0</float>
							<string name="Name">Right Arm</string>
							<float name="Weight">1</float>
						</Properties>
					</Item>
					<Item class="Pose" referent="RBX187">
						<Properties>
							<CoordinateFrame name="CFrame">
								<X>-0.001832</X> <Y>0.020078</Y> <Z>0.038087</Z>
								<R00>0.998642</R00> <R01>0.051959</R01> <R02>0.003747</R02>
								<R10>-0.051735</R10> <R11>0.997627</R11> <R12>-0.045427</R12>
								<R20>-0.006099</R20> <R21>0.045172</R21> <R22>0.998961</R22>
							</CoordinateFrame>
							<float name="MaskWeight">0</float>
							<string name="Name">Head</string>
							<float name="Weight">1</float>
						</Properties>
					</Item>
					<Item class="Pose" referent="RBX191">
						<Properties>
							<CoordinateFrame name="CFrame">
								<X>0.001842</X> <Y>0.304376</Y> <Z>-0.004350</Z>
								<R00>-0.851347</R00> <R01>0.521450</R01> <R02>0.057438</R02>
								<R10>-0.524260</R10> <R11>-0.849638</R11> <R12>-0.057161</R12>
								<R20>0.018995</R20> <R21>-0.078777</R21> <R22>0.996711</R22>
							</CoordinateFrame>
							<float name="MaskWeight">0</float>
							<string name="Name">Left Arm</string>
							<float name="Weight">1</float>
						</Properties>
					</Item>
					<Item class="Pose" referent="RBX194">
						<Properties>
							<CoordinateFrame name="CFrame">
								<X>0.039403</X> <Y>-0.001193</Y> <Z>-0.051094</Z>
								<R00>0.996761</R00> <R01>0.000255</R01> <R02>0.080427</R02>
								<R10>-0.005438</R10> <R11>0.997920</R11> <R12>0.064241</R12>
								<R20>-0.080243</R20> <R21>-0.064470</R21> <R22>0.994688</R22>
							</CoordinateFrame>
							<float name="MaskWeight">0</float>
							<string name="Name">Left Leg</string>
							<float name="Weight">1</float>
						</Properties>
					</Item>
					<Item class="Pose" referent="RBX197">
						<Properties>
							<CoordinateFrame name="CFrame">
								<X>0.024780</X> <Y>0.045857</Y> <Z>-0.019569</Z>
								<R00>0.978708</R00> <R01>0.205247</R01> <R02>0.001879</R02>
								<R10>-0.204955</R10> <R11>0.976737</R11> <R12>0.063079</R12>
								<R20>0.011111</R20> <R21>-0.062121</R21> <R22>0.998007</R22>
							</CoordinateFrame>
							<float name="MaskWeight">0</float>
							<string name="Name">Right Leg</string>
							<float name="Weight">1</float>
						</Properties>
					</Item>
				</Item>
			</Item>
		</Item>
		<Item class="Keyframe" referent="RBX199">
			<Properties>
				<string name="Name">Keyframe</string>
				<float name="Time">0.312500</float>
			</Properties>
			<Item class="Pose" referent="RBX202">
				<Properties>
					<CoordinateFrame name="CFrame">
						<X>0.000000</X> <Y>-0.000000</Y> <Z>0.000000</Z>
						<R00>1.000000</R00> <R01>0.000000</R01> <R02>0.000000</R02>
						<R10>-0.000000</R10> <R11>1.000000</R11> <R12>-0.000000</R12>
						<R20>0.000000</R20> <R21>0.000000</R21> <R22>1.000000</R22>
					</CoordinateFrame>
					<float name="MaskWeight">0</float>
					<string name="Name">HumanoidRootPart</string>
					<float name="Weight">1</float>
				</Properties>
				<Item class="Pose" referent="RBX203">
					<Properties>
						<CoordinateFrame name="CFrame">
							<X>0.000000</X> <Y>-0.000000</Y> <Z>0.000000</Z>
							<R00>0.999977</R00> <R01>0.000000</R01> <R02>0.006858</R02>
							<R10>0.000000</R10> <R11>1.000000</R11> <R12>-0.000000</R12>
							<R20>-0.006858</R20> <R21>0.000000</R21> <R22>0.999977</R22>
						</CoordinateFrame>
						<float name="MaskWeight">0</float>
						<string name="Name">Torso</string>
						<float name="Weight">1</float>
					</Properties>
					<Item class="Pose" referent="RBX206">
						<Properties>
							<CoordinateFrame name="CFrame">
								<X>-0.001484</X> <Y>0.201870</Y> <Z>0.000177</Z>
								<R00>-0.916624</R00> <R01>-0.398995</R01> <R02>-0.024565</R02>
								<R10>0.399562</R10> <R11>-0.916347</R11> <R12>-0.025645</R12>
								<R20>-0.012278</R20> <R21>-0.033322</R21> <R22>0.999369</R22>
							</CoordinateFrame>
							<float name="MaskWeight">0</float>
							<string name="Name">Right Arm</string>
							<float name="Weight">1</float>
						</Properties>
					</Item>
					<Item class="Pose" referent="RBX209">
						<Properties>
							<CoordinateFrame name="CFrame">
								<X>-0.001832</X> <Y>0.020078</Y> <Z>0.038087</Z>
								<R00>0.998610</R00> <R01>0.052587</R01> <R02>0.003593</R02>
								<R10>-0.052445</R10> <R11>0.998108</R11> <R12>-0.032097</R12>
								<R20>-0.005274</R20> <R21>0.031863</R21> <R22>0.999478</R22>
							</CoordinateFrame>
							<float name="MaskWeight">0</float>
							<string name="Name">Head</string>
							<float name="Weight">1</float>
						</Properties>
					</Item>
					<Item class="Pose" referent="RBX213">
						<Properties>
							<CoordinateFrame name="CFrame">
								<X>0.001884</X> <Y>0.318147</Y> <Z>-0.004417</Z>
								<R00>-0.838492</R00> <R01>0.542163</R01> <R02>0.054693</R02>
								<R10>-0.544629</R10> <R11>-0.837066</R11> <R12>-0.051951</R12>
								<R20>0.017616</R20> <R21>-0.073348</R21> <R22>0.997151</R22>
							</CoordinateFrame>
							<float name="MaskWeight">0</float>
							<string name="Name">Left Arm</string>
